
es_start

a = 0.14836e1;
b = 0.14841e1;

